class, prediction
0, 0.9999973773956299
1, 0.9999803304672241
2, 0.9717439413070679
3, 0.9999604225158691
4, 0.9717780947685242
5, 0.5288779139518738
6, 0.9942352175712585
7, 0.9316826462745667
8, 0.9134599566459656
9, 0.9998342990875244
10, 0.9999998807907104
11, 1.0
12, 0.9999526739120483
13, 0.999923586845398
14, 0.9999830722808838
15, 0.9999974966049194
16, 0.9997747540473938
17, 0.9999974966049194
18, 0.9853958487510681
19, 0.9999994039535522
20, 0.9791147708892822
21, 0.9999818801879883
22, 1.0
23, 0.9977023005485535
24, 1.0
25, 0.9538000226020813
26, 0.9991324543952942
27, 0.9984153509140015
28, 0.9997535347938538
29, 0.9999992847442627
30, 0.965393602848053
31, 0.9980912804603577
32, 0.9625729918479919
33, 0.9906753301620483
34, 0.967964768409729
35, 0.7506833076477051
36, 0.9149231314659119
37, 0.9991397857666016
38, 0.9999837875366211
39, 0.9999995231628418
40, 0.8238295912742615
41, 0.994608998298645
42, 0.9970855116844177
43, 0.9999799728393555
44, 0.9963997602462769
45, 1.0
46, 0.6751429438591003
47, 0.9999963045120239
48, 0.918656587600708
49, 0.9502495527267456
50, 0.22308392822742462
51, 0.9995788931846619
52, 0.904799222946167
53, 0.9999998807907104
54, 0.9992196559906006
55, 0.5178535580635071
56, 0.9998613595962524
57, 0.9980175495147705
58, 0.9917667508125305
59, 0.798343300819397
60, 0.6868249177932739
61, 0.9231536984443665
62, 0.9504039287567139
63, 0.9996306896209717
64, 0.9310386776924133
65, 0.9884586930274963
66, 0.5907949805259705
67, 0.9777957201004028
68, 0.35513049364089966
69, 0.9953568577766418
70, 0.9999786615371704
71, 0.9999122619628906
72, 0.6381012201309204
73, 0.9512916803359985
74, 0.9228387475013733
75, 0.9237468838691711
76, 0.9998939037322998
77, 0.9398485422134399
78, 0.9999759197235107
79, 0.9796143174171448
80, 0.9942806959152222
81, 0.9998501539230347
82, 0.8676125407218933
83, 0.9999566078186035
84, 1.0
85, 0.9999997615814209
86, 0.9112721085548401
87, 0.9999994039535522
88, 0.9995927214622498
89, 0.9987319111824036
90, 1.0
91, 1.0
92, 0.9992737174034119
93, 0.9997450709342957
94, 1.0
95, 0.9989286065101624
96, 0.9999997615814209
97, 0.9998244643211365
98, 0.9985305070877075
99, 0.9994465708732605
100, 0.9999434947967529
101, 0.9855769276618958
102, 0.9998589754104614
103, 0.9998546838760376
104, 0.9697930216789246
105, 0.9996747970581055
106, 0.9999752044677734
107, 0.9977935552597046
108, 0.9951184988021851
109, 0.9999980926513672
110, 0.9993009567260742
111, 0.9684601426124573
112, 0.9335083961486816
113, 0.9999990463256836
114, 0.9174144864082336
115, 0.9493906497955322
116, 0.9969256520271301
117, 0.9999978542327881
118, 0.899389922618866
119, 0.963053822517395
120, 0.9881366491317749
121, 0.9954298734664917
122, 0.9998519420623779
123, 0.9518660306930542
124, 0.7658708691596985
125, 0.9999974966049194
126, 0.9996080994606018
127, 0.9998226761817932
128, 0.9920409321784973
129, 0.9997056126594543
130, 0.9999946355819702
131, 0.9992144107818604
132, 0.9953318238258362
133, 0.999440610408783
134, 0.9999693632125854
135, 0.9999858140945435
136, 0.9999910593032837
137, 0.999940037727356
138, 0.9998873472213745
139, 0.9990756511688232
140, 0.9999730587005615
141, 0.9999969005584717
142, 0.9996601343154907
143, 0.999998927116394
144, 0.9999998807907104
145, 0.9654327034950256
146, 0.999360978603363
147, 0.9998155236244202
148, 0.999603807926178
149, 0.9992886781692505
150, 0.9999996423721313
151, 0.9999991655349731
152, 0.992885172367096
153, 0.9687939882278442
154, 0.9999898672103882
155, 0.998908519744873
156, 0.8998904824256897
157, 0.9729601144790649
158, 0.03252701833844185
159, 0.9690688848495483
160, 0.8797566294670105
161, 0.8483026623725891
162, 0.9910063147544861
163, 0.9956057667732239
164, 1.0
165, 0.8507658839225769
166, 0.5259019732475281
167, 0.8352891802787781
168, 0.7316359877586365
169, 0.9994648098945618
170, 0.9848182797431946
171, 0.9948393702507019
172, 0.9996285438537598
173, 1.0
174, 0.9999792575836182
175, 0.0033330803271383047
176, 0.7702682614326477
177, 0.9949069619178772
178, 0.9999550580978394
179, 0.9866595268249512
180, 0.9796252250671387
181, 0.9824112057685852
182, 1.0
183, 0.9998241066932678
184, 0.6650503873825073
185, 0.9164215922355652
186, 0.6000919938087463
187, 0.9981558918952942
188, 0.9918606877326965
189, 0.9986414313316345
190, 0.9999599456787109
191, 0.9857556223869324
192, 0.9992198944091797
193, 0.9990752935409546
194, 0.9995868802070618
195, 0.9994972944259644
196, 0.9999948740005493
197, 0.2427266389131546
198, 0.45929303765296936
199, 0.9910749197006226
200, 0.9986549615859985
201, 0.9470312595367432
202, 0.9430482983589172
203, 0.9996354579925537
204, 0.8049445152282715
205, 0.9939853549003601
206, 0.9997631907463074
207, 0.9980898499488831
208, 0.9993749260902405
209, 0.9763033390045166
210, 0.999947190284729
211, 0.9995226860046387
212, 0.987090528011322
213, 0.9999861717224121
214, 0.9996280670166016
215, 0.9980984330177307
216, 0.9931027889251709
217, 0.9994369149208069
218, 0.9992699027061462
219, 0.9975518584251404
220, 0.9999692440032959
221, 0.9981160163879395
222, 0.9971821308135986
223, 0.6938624978065491
224, 0.9999961853027344
225, 0.9999969005584717
226, 0.9999622106552124
227, 0.9826703667640686
228, 0.9999990463256836
229, 0.9999996423721313
230, 0.47795137763023376
231, 0.483754962682724
232, 0.964019775390625
233, 0.8883101940155029
234, 0.8106090426445007
235, 0.0008813361055217683
236, 0.9999996423721313
237, 0.9998902082443237
238, 0.7909430861473083
239, 0.9983072280883789
240, 0.8182937502861023
241, 0.5490615367889404
242, 0.9995741248130798
243, 0.9518924951553345
244, 0.48280853033065796
245, 0.991597592830658
246, 0.9996627569198608
247, 0.9999911785125732
248, 0.30626437067985535
249, 0.8459989428520203
250, 0.5999457240104675
251, 0.9999996423721313
252, 0.99955815076828
253, 0.9958875775337219
254, 0.9951092600822449
255, 0.9999977350234985
256, 0.26681309938430786
257, 0.8599580526351929
258, 0.9999939203262329
259, 0.9999985694885254
260, 0.9998272061347961
261, 1.0
262, 1.0
263, 0.9953813552856445
264, 0.9999408721923828
265, 0.93144690990448
266, 0.39289283752441406
267, 0.043849099427461624
268, 1.0
269, 0.9854034781455994
270, 0.999495267868042
271, 0.6715331673622131
272, 0.959388256072998
273, 0.999840259552002
274, 0.9999266862869263
275, 0.9995837807655334
276, 0.9015730619430542
277, 0.7451544404029846
278, 0.4875936806201935
279, 0.999915361404419
280, 0.9972656965255737
281, 0.886075496673584
282, 0.8948770761489868
283, 0.9887224435806274
284, 1.0
285, 0.9949578642845154
286, 0.9999994039535522
287, 0.9753400087356567
288, 0.9859628081321716
289, 0.9997873902320862
290, 0.9692278504371643
291, 0.9957369565963745
292, 0.9847811460494995
293, 0.9999246597290039
294, 0.9964350461959839
295, 0.9995766282081604
296, 0.9999954700469971
297, 0.9997971653938293
298, 0.9999990463256836
299, 0.9785593152046204
300, 0.9999998807907104
301, 0.9998661279678345
302, 0.9452458620071411
303, 0.9997512698173523
304, 0.9997182488441467
305, 0.9979249238967896
306, 0.9999991655349731
307, 0.9998278617858887
308, 0.997795820236206
309, 0.9944483041763306
310, 0.9972617626190186
311, 0.6886022686958313
312, 0.9388592839241028
313, 0.9969742298126221
314, 0.9991564750671387
315, 0.5302126407623291
316, 0.9999996423721313
317, 0.9994219541549683
318, 0.9989662170410156
319, 0.9928348064422607
320, 0.9901769757270813
321, 1.0
322, 0.999998927116394
323, 0.9999784231185913
324, 0.9994975328445435
325, 0.9999971389770508
326, 0.9992135763168335
327, 0.9999157190322876
328, 0.9998132586479187
329, 0.5203403830528259
330, 0.9766970872879028
331, 0.8863092064857483
332, 0.9313893914222717
333, 0.9999951124191284
334, 0.9999701976776123
335, 0.9999948740005493
336, 0.9999676942825317
337, 0.9999704360961914
338, 1.0
339, 0.9992772936820984
340, 1.0
341, 0.9730122089385986
342, 0.9690773487091064
343, 0.9966928958892822
344, 0.9999995231628418
345, 0.9974092841148376
346, 0.9994297623634338
347, 0.9985752105712891
348, 0.933898389339447
349, 0.5843548774719238
350, 1.0
351, 0.9998863935470581
352, 0.983027458190918
353, 0.9911041259765625
354, 0.9999994039535522
355, 1.0
356, 0.9755537509918213
357, 0.9926853179931641
358, 0.43674010038375854
359, 0.9093711376190186
360, 0.9999970197677612
361, 0.9768277406692505
362, 0.9999723434448242
363, 1.0
364, 0.9999397993087769
365, 0.9999184608459473
366, 0.9831749796867371
367, 0.999993085861206
368, 0.9999279975891113
369, 0.1829303503036499
370, 0.9819226264953613
371, 0.9592159390449524
372, 0.9990315437316895
373, 0.9998399019241333
374, 0.9982438087463379
375, 0.9999861717224121
376, 1.0
377, 0.99774169921875
378, 0.9218886494636536
379, 0.9999070167541504
380, 0.9984089732170105
381, 0.9882673621177673
382, 0.9946420192718506
383, 0.9989485144615173
384, 0.9795701503753662
385, 0.5808950066566467
386, 0.9931301474571228
387, 0.9999994039535522
388, 0.9968463778495789
389, 0.9989564418792725
390, 0.9539953470230103
391, 0.9950551986694336
392, 0.9999983310699463
393, 0.9999876022338867
394, 0.9959284663200378
395, 0.9999905824661255
396, 0.9995573163032532
397, 0.9982618689537048
398, 1.0
399, 0.8455914258956909
400, 0.3094918429851532
401, 0.999998927116394
402, 0.9875094294548035
403, 0.9904217720031738
404, 0.9156615734100342
405, 0.7984482049942017
406, 0.9431275129318237
407, 0.9999936819076538
408, 0.999843955039978
409, 0.9489196538925171
410, 0.9998111128807068
411, 0.9977380037307739
412, 0.8644254207611084
413, 0.9107778072357178
414, 0.46624794602394104
415, 0.9598333835601807
416, 0.9870409369468689
417, 0.9982597231864929
418, 0.8705628514289856
419, 0.9978594183921814
420, 0.9999446868896484
421, 0.3894560635089874
422, 0.988126277923584
423, 0.9466922879219055
424, 0.9583399295806885
425, 0.9988105297088623
426, 0.6458940505981445
427, 0.999691367149353
428, 0.9991536140441895
429, 0.9975766539573669
430, 0.9999923706054688
431, 0.989517867565155
432, 0.9922054409980774
433, 0.9909042716026306
434, 0.47620075941085815
435, 0.22244925796985626
436, 0.934988260269165
437, 0.9988299012184143
438, 0.8910327553749084
439, 0.9999995231628418
440, 0.9904158115386963
441, 0.9899083375930786
442, 0.9898563623428345
443, 0.8905104994773865
444, 0.9998019337654114
445, 0.9215128421783447
446, 0.0970936268568039
447, 0.9999988079071045
448, 0.9999567270278931
449, 0.9996695518493652
450, 0.9910846948623657
451, 0.9999978542327881
452, 0.9995425939559937
453, 0.4137502610683441
454, 0.7090465426445007
455, 0.9999946355819702
456, 0.9987322688102722
457, 0.9955937266349792
458, 0.999913215637207
459, 0.9983893632888794
460, 0.1701667755842209
461, 0.16465303301811218
462, 0.9999995231628418
463, 0.9998974800109863
464, 0.9997478127479553
465, 0.97544264793396
466, 0.999885082244873
467, 0.999993085861206
468, 0.9975625276565552
469, 0.8552619814872742
470, 0.9318514466285706
471, 0.6049320101737976
472, 0.8412235379219055
473, 0.7182613015174866
474, 0.8740003108978271
475, 0.9805949330329895
476, 0.9994555115699768
477, 0.9375739097595215
478, 0.9732364416122437
479, 0.9787724018096924
480, 0.7874013781547546
481, 0.9959676265716553
482, 0.10332556813955307
483, 0.9622311592102051
484, 0.5901449918746948
485, 0.9461463093757629
486, 0.9734615087509155
487, 0.9593173861503601
488, 0.9903601408004761
489, 0.9998149275779724
490, 0.9999995231628418
491, 0.9975149631500244
492, 0.8876214027404785
493, 0.7052503824234009
494, 0.8954291939735413
495, 0.08350745588541031
496, 0.9999357461929321
497, 0.38992637395858765
498, 0.9998086094856262
499, 0.9836887121200562
500, 0.8408056497573853
501, 0.38819044828414917
502, 0.905019223690033
503, 0.3920411765575409
504, 0.635927677154541
505, 0.9313084483146667
506, 0.9998180270195007
507, 0.880389392375946
508, 0.9296612739562988
509, 0.9870583415031433
510, 0.9996688365936279
511, 0.7975450754165649
512, 0.9994725584983826
513, 0.9676977396011353
514, 0.9999878406524658
515, 0.08448515087366104
516, 0.9236313104629517
517, 0.9999555349349976
518, 0.997912585735321
519, 0.9725062847137451
520, 0.9870390295982361
521, 0.9999555349349976
522, 0.9998534917831421
523, 0.999675989151001
524, 0.8075352311134338
525, 0.994070827960968
526, 0.7491612434387207
527, 0.6901944279670715
528, 0.9999512434005737
529, 0.9987898468971252
530, 0.9874721169471741
531, 0.920312225818634
532, 0.8127536177635193
533, 0.9821783900260925
534, 0.9999998807907104
535, 1.0
536, 0.9480906128883362
537, 0.9960439205169678
538, 0.9994720816612244
539, 0.9977299571037292
540, 0.9999995231628418
541, 0.9166578054428101
542, 0.9972339272499084
543, 0.9815690517425537
544, 0.9922969937324524
545, 0.9998947381973267
546, 0.913133442401886
547, 0.9969609379768372
548, 0.659756064414978
549, 0.9701287150382996
550, 0.9993280172348022
551, 0.061298858374357224
552, 0.9999884366989136
553, 0.999925971031189
554, 1.0
555, 0.9995392560958862
556, 0.005798233672976494
557, 0.9997058510780334
558, 0.9990507960319519
559, 0.256170392036438
560, 0.9427191019058228
561, 0.9999860525131226
562, 0.9918234944343567
563, 0.9999353885650635
564, 0.9828895926475525
565, 0.999948263168335
566, 0.9999898672103882
567, 0.9389206171035767
568, 0.9999954700469971
569, 0.9999629259109497
570, 0.9999066591262817
571, 0.9999984502792358
572, 0.9978631138801575
573, 0.5003039240837097
574, 0.9999992847442627
575, 0.9862608313560486
576, 0.9995555281639099
577, 0.9831889271736145
578, 0.8302489519119263
579, 0.9993005990982056
580, 0.9994847774505615
581, 0.9955160021781921
582, 0.9870678782463074
583, 0.999982476234436
584, 0.8591324687004089
585, 0.9954570531845093
586, 0.9999077320098877
587, 0.9930856227874756
588, 0.9903314113616943
589, 0.9890984296798706
590, 0.999415397644043
591, 0.9726167321205139
592, 0.9999480247497559
593, 0.9999998807907104
594, 0.9999991655349731
595, 0.9843752980232239
596, 0.9952995777130127
597, 0.8384609222412109
598, 0.8555612564086914
599, 0.9994427561759949
600, 0.8255559802055359
601, 0.9349705576896667
602, 0.8380747437477112
603, 0.9995086193084717
604, 0.9999617338180542
605, 0.9976977705955505
606, 0.9999994039535522
607, 0.9999773502349854
608, 0.9998903274536133
609, 0.9999997615814209
610, 0.10934972763061523
611, 1.0
612, 0.9999853372573853
613, 0.9999973773956299
614, 0.9998458623886108
615, 0.9997095465660095
616, 0.9981104135513306
617, 0.9900482892990112
618, 0.07685834169387817
619, 0.9212937355041504
620, 0.549315333366394
621, 0.9958099126815796
622, 0.15856973826885223
623, 0.14930641651153564
624, 0.9739832282066345
625, 0.999991774559021
626, 0.9999935626983643
627, 0.9999839067459106
628, 0.9995160102844238
629, 0.9999738931655884
630, 0.8616766333580017
631, 0.5004964470863342
632, 0.9982491731643677
633, 0.7284108996391296
634, 0.9881348609924316
635, 0.9804044365882874
636, 0.3092595338821411
637, 0.9999998807907104
638, 0.639507532119751
639, 0.48119330406188965
640, 0.9999970197677612
641, 0.5937325954437256
642, 1.0
643, 0.9958155751228333
644, 0.9999583959579468
645, 0.9999233484268188
646, 0.999993085861206
647, 0.9864814281463623
648, 0.09602172672748566
649, 0.9740201234817505
650, 0.999840497970581
651, 0.7126666903495789
652, 0.9753702878952026
653, 0.9943392872810364
654, 0.9382620453834534
655, 0.9999008178710938
656, 0.2243138700723648
657, 0.6132848262786865
658, 0.9790639281272888
659, 0.9227957129478455
660, 0.9135850071907043
661, 0.9994687438011169
662, 0.616838812828064
663, 0.7946617007255554
664, 0.2508333623409271
665, 0.1835641860961914
666, 0.9793224930763245
667, 0.9964603781700134
668, 0.9963853359222412
669, 0.9998354911804199
670, 0.8461720943450928
671, 0.831712543964386
672, 0.9999544620513916
673, 0.807441234588623
674, 0.999981164932251
675, 0.04757554084062576
676, 0.9999969005584717
677, 0.9937826991081238
678, 0.9999605417251587
679, 0.9890736937522888
680, 0.9999963045120239
681, 0.7141786217689514
682, 0.893271267414093
683, 0.49068203568458557
684, 0.9999959468841553
685, 0.9945842623710632
686, 1.0
687, 0.9999998807907104
688, 0.9999916553497314
689, 0.5562453866004944
690, 0.978988766670227
691, 0.6082454919815063
692, 0.9984843134880066
693, 0.9318446516990662
694, 0.9999990463256836
695, 0.9999556541442871
696, 0.999824583530426
697, 0.5946251749992371
698, 0.9746651649475098
699, 0.9994179010391235
700, 0.9869575500488281
701, 0.9999364614486694
702, 0.3790704011917114
703, 0.8831024765968323
704, 0.9971298575401306
705, 0.9016768336296082
706, 0.9794760346412659
707, 0.9991439580917358
708, 0.6285312175750732
709, 0.7464249730110168
710, 0.9978354573249817
711, 0.5141249895095825
712, 0.34744712710380554
713, 0.9929478168487549
714, 0.9990354776382446
715, 0.991519033908844
716, 0.9995229244232178
717, 0.9906992316246033
718, 0.9887319803237915
719, 0.9298320412635803
720, 0.9997395873069763
721, 0.9801694750785828
722, 0.9999998807907104
723, 0.995817244052887
724, 0.9985421895980835
725, 0.8453382253646851
726, 0.9999947547912598
727, 0.9999328851699829
728, 0.9997180104255676
729, 0.9950789213180542
730, 0.999561607837677
731, 0.9999998807907104
732, 0.979182779788971
733, 0.3289136290550232
734, 0.9955833554267883
735, 0.859867513179779
736, 0.9999991655349731
737, 0.9983507394790649
738, 0.9999719858169556
739, 0.999998927116394
740, 0.9954772591590881
741, 0.9598467946052551
742, 0.99349045753479
743, 0.5582857728004456
744, 0.810644268989563
745, 0.999953031539917
746, 0.9998892545700073
747, 0.9999673366546631
748, 0.6964009404182434
749, 0.9985105395317078
750, 0.9248180985450745
751, 0.9132272601127625
752, 0.9575271606445312
753, 0.99954754114151
754, 0.9015846848487854
755, 0.9999984502792358
756, 0.9221672415733337
757, 0.9427372217178345
758, 0.9999277591705322
759, 0.9391722679138184
760, 0.9257208108901978
761, 0.9999809265136719
762, 0.698843240737915
763, 0.9988516569137573
764, 0.2704956829547882
765, 0.057175640016794205
766, 0.9999998807907104
767, 0.7504563927650452
768, 0.9980486631393433
769, 1.0
770, 0.9891824126243591
771, 0.9999808073043823
772, 0.9988880753517151
773, 0.9875115156173706
774, 0.630914032459259
775, 0.9943861961364746
776, 0.9980661273002625
777, 0.8418349027633667
778, 0.9998319149017334
779, 0.9999996423721313
780, 0.9299346208572388
781, 0.9999991655349731
782, 0.4185422956943512
783, 0.9999431371688843
784, 0.9811059832572937
785, 0.9952751398086548
786, 0.99985671043396
787, 0.958733320236206
788, 0.9999958276748657
789, 0.9999384880065918
790, 0.9296779632568359
791, 0.9991088509559631
792, 0.9934971332550049
793, 0.9999988079071045
794, 0.9959002137184143
795, 0.9977701902389526
796, 0.9993698000907898
797, 0.9999977350234985
798, 1.0
799, 0.1821252405643463
800, 0.9999971389770508
801, 0.5869103074073792
802, 0.9985900521278381
803, 0.9997512698173523
804, 0.9991253018379211
805, 0.9995630383491516
806, 0.999992847442627
807, 1.0
808, 0.40873849391937256
809, 0.04814011603593826
810, 0.349310040473938
811, 0.9578962922096252
812, 0.9994264841079712
813, 0.9999990463256836
814, 0.9689619541168213
815, 0.9962612986564636
816, 0.9999576807022095
817, 0.32020682096481323
818, 0.9702433943748474
819, 0.08451726287603378
820, 0.993629515171051
821, 0.6614940166473389
822, 1.0
823, 0.9999886751174927
824, 0.3144790530204773
825, 0.9492564797401428
826, 0.9999704360961914
827, 0.9916219711303711
828, 0.9826791286468506
829, 0.9855096936225891
830, 0.9901373386383057
831, 0.9168766140937805
832, 1.0
833, 0.13192348182201385
834, 0.20337902009487152
835, 0.9974351525306702
836, 0.6416236162185669
837, 0.5248338580131531
838, 0.4784754812717438
839, 0.9932001233100891
840, 0.5023156404495239
841, 0.21856218576431274
842, 0.9322958588600159
843, 0.9997937083244324
844, 0.9707659482955933
845, 1.0
846, 0.8568267226219177
847, 0.277445912361145
848, 0.7104066610336304
849, 0.4828319847583771
850, 0.999858021736145
851, 0.9613902568817139
852, 0.9999901056289673
853, 0.9999995231628418
854, 0.8946658372879028
855, 0.9999502897262573
856, 0.851984441280365
857, 0.981633722782135
858, 0.9999915361404419
859, 0.9997904896736145
860, 0.8293882012367249
861, 0.9530361294746399
862, 0.9997515082359314
863, 0.9999982118606567
864, 0.9756515622138977
865, 0.9997383952140808
866, 0.967577338218689
867, 0.9922198057174683
868, 0.8554031848907471
869, 0.7559577226638794
870, 0.9999912977218628
871, 0.7828207015991211
872, 0.9580032825469971
873, 0.9996873140335083
874, 0.39732474088668823
875, 0.8662072420120239
876, 0.35523390769958496
877, 0.9152768850326538
878, 0.9583321213722229
879, 0.9843506813049316
880, 0.9992259740829468
881, 0.9877507090568542
882, 0.9981385469436646
883, 0.018105238676071167
884, 0.3363287150859833
885, 0.3494557738304138
886, 0.9638534188270569
887, 0.9834921956062317
888, 0.9995580315589905
889, 0.9756389260292053
890, 0.9999994039535522
891, 0.9999995231628418
892, 0.7411144971847534
893, 0.43791696429252625
894, 0.9777424931526184
895, 0.982137143611908
896, 0.9846529364585876
897, 0.9978111386299133
898, 0.9941646456718445
899, 0.08419550955295563
900, 0.9972956776618958
901, 0.9987296462059021
902, 0.17212145030498505
903, 0.9787262678146362
904, 0.9998557567596436
905, 0.9976267218589783
906, 0.9960507750511169
907, 0.9434882998466492
908, 0.9490435123443604
909, 0.9970365762710571
910, 0.9997641444206238
911, 0.8627707958221436
912, 0.9999978542327881
913, 0.9999810457229614
914, 0.4916284680366516
915, 0.6872429847717285
916, 0.9952215552330017
917, 0.9696575403213501
918, 1.0
919, 0.9999765157699585
920, 0.9999889135360718
921, 0.8676935434341431
922, 0.9695461392402649
923, 0.7250936031341553
924, 0.9996088147163391
925, 0.987883985042572
926, 0.8859466314315796
927, 0.9993311166763306
928, 0.969577968120575
929, 0.9962489008903503
930, 0.9996377229690552
931, 0.9926226139068604
932, 0.9999984502792358
933, 0.9999603033065796
934, 0.9997226595878601
935, 0.972041130065918
936, 0.9998605251312256
937, 0.9999847412109375
938, 0.9997592568397522
939, 0.9311389923095703
940, 0.9997126460075378
941, 0.999971866607666
942, 0.9999969005584717
943, 0.9977532029151917
944, 0.9931756854057312
945, 0.9947987794876099
946, 0.997214138507843
947, 0.9889345765113831
948, 0.9999954700469971
949, 0.9994449019432068
950, 0.999921441078186
951, 0.999221682548523
952, 0.9999998807907104
953, 0.9999696016311646
954, 0.9865084886550903
955, 1.0
956, 0.9999997615814209
957, 0.9994925260543823
958, 0.9968783855438232
959, 0.9995532631874084
960, 0.980711042881012
961, 0.7801502346992493
962, 0.9650905728340149
963, 0.9974232912063599
964, 0.9995574355125427
965, 0.9967159032821655
966, 0.9935744404792786
967, 0.9967008233070374
968, 0.7116878032684326
969, 0.9727716445922852
970, 0.9618304371833801
971, 1.0
972, 0.812524676322937
973, 0.5163093209266663
974, 0.9998966455459595
975, 0.3280622661113739
976, 0.6543694734573364
977, 0.17984944581985474
978, 0.7899776101112366
979, 0.9440925717353821
980, 0.9991406202316284
981, 0.7678903341293335
982, 0.9731122255325317
983, 0.9821813106536865
984, 0.9999998807907104
985, 0.9999656677246094
986, 0.9999997615814209
987, 0.9150792360305786
988, 1.0
989, 0.9996438026428223
990, 1.0
991, 0.9963867664337158
992, 0.9969514608383179
993, 0.9960230588912964
994, 0.9999608993530273
995, 0.9999532699584961
996, 0.9986384510993958
997, 0.30460548400878906
998, 0.4296283721923828
999, 0.9545997381210327
